1 2 5
1 3 8
1 4 3
1 5 7
2 6 4
2 7 9
3 8 2
3 9 6
4 10 1
4 11 5
5 12 7
5 13 4
6 14 3
7 15 8
8 16 2
9 17 7
10 18 6
11 19 5
12 20 8
13 21 3
14 22 9
15 23 4
16 24 6
17 25 8
18 26 7
19 27 2
20 28 5
21 29 4
22 30 3
23 31 7
24 32 6
25 33 9
26 34 2
27 35 5
28 36 8
29 37 4
30 38 7
31 39 3
32 40 9
33 41 6
34 42 5
35 43 8
36 44 2
37 45 4
38 46 6
39 47 7
40 48 9
41 49 5
42 50 8
43 51 3
44 52 7
45 53 6
46 54 4
47 55 9
48 56 2
49 57 5
50 58 8
51 59 3
52 60 7
53 61 6
54 62 4
55 63 8
56 64 2
57 65 9
58 66 5
59 67 7
60 68 4
61 69 6
62 70 3
63 71 8
64 72 5
65 73 9
66 74 2
67 75 6
68 76 8
69 77 7
70 78 4
71 79 3
72 80 9
73 81 5
74 82 6
75 83 7
76 84 2
77 85 8
78 86 5
79 87 9
80 88 3
81 89 6
82 90 4
83 91 7
84 92 8
85 93 2
86 94 6
87 95 5
88 96 8
89 97 4
90 98 9
91 99 3
92 100 7