1 2 32
1 3 18
1 4 45
1 5 21
1 6 33
1 7 27
1 8 41
1 9 29
1 10 14
1 11 50
1 12 37
1 13 22
1 14 39
1 15 30
2 3 28
2 4 19
2 5 24
2 6 31
2 7 40
2 8 15
2 9 46
2 10 25
2 11 34
2 12 16
2 13 38
2 14 23
2 15 29
3 4 20
3 5 35
3 6 42
3 7 31
3 8 13
3 9 26
3 10 22
3 11 47
3 12 17
3 13 39
3 14 28
3 15 30
4 5 26
4 6 33
4 7 48
4 8 19
4 9 45
4 10 34
4 11 12
4 12 50
4 13 27
4 14 20
4 15 32
5 6 42
5 7 37
5 8 23
5 9 16
5 10 18
5 11 29
5 12 40
5 13 28
5 14 19
5 15 35
6 7 25
6 8 40
6 9 30
6 10 27
6 11 22
6 12 45
6 13 36
6 14 19
6 15 31
7 8 15
7 9 33
7 10 48
7 11 28
7 12 25
7 13 21
7 14 39
7 15 22
8 9 20
8 10 34
8 11 18
8 12 43
8 13 32
8 14 27
8 15 26
9 10 44
9 11 29
9 12 37
9 13 21
9 14 15
9 15 30
10 11 25
10 12 31
10 13 46
10 14 17
10 15 34
11 12 20
11 13 24
11 14 33
11 15 42
12 13 19
12 14 37
12 15 28
13 14 21
13 15 39
14 15 22