1 2 34
1 3 78
1 4 45
1 5 92
1 6 53
1 7 67
1 8 84
1 9 29
1 10 71
1 11 43
1 12 59
1 13 86
1 14 75
1 15 62
2 3 47
2 4 61
2 5 33
2 6 89
2 7 40
2 8 72
2 9 58
2 10 85
2 11 64
2 12 39
2 13 94
2 14 53
2 15 68
3 4 72
3 5 51
3 6 84
3 7 77
3 8 65
3 9 32
3 10 43
3 11 95
3 12 71
3 13 56
3 14 82
3 15 60
4 5 88
4 6 44
4 7 99
4 8 51
4 9 62
4 10 36
4 11 79
4 12 68
4 13 73
4 14 55
4 15 87
5 6 93
5 7 49
5 8 82
5 9 71
5 10 57
5 11 60
5 12 94
5 13 85
5 14 42
5 15 74
6 7 65
6 8 97
6 9 49
6 10 72
6 11 35
6 12 84
6 13 67
6 14 88
6 15 77
7 8 76
7 9 34
7 10 58
7 11 83
7 12 71
7 13 46
7 14 92
7 15 69
8 9 54
8 10 97
8 11 66
8 12 41
8 13 85
8 14 72
8 15 50
9 10 63
9 11 52
9 12 78
9 13 89
9 14 61
9 15 84
10 11 40
10 12 67
10 13 73
10 14 93
10 15 55
11 12 85
11 13 48
11 14 60
11 15 72
12 13 62
12 14 79
12 15 51
13 14 67
13 15 84
14 15 93