1 2 35
1 3 76
1 4 18
1 5 42
1 6 54
1 7 67
1 8 29
1 9 83
1 10 21
1 11 59
1 12 48
1 13 94
1 14 71
1 15 38
1 16 96
1 17 57
1 18 63
1 19 87
1 20 74
2 3 32
2 4 68
2 5 15
2 6 47
2 7 90
2 8 53
2 9 22
2 10 85
2 11 39
2 12 77
2 13 64
2 14 29
2 15 94
2 16 58
2 17 72
2 18 46
2 19 51
2 20 84
3 4 54
3 5 31
3 6 87
3 7 26
3 8 59
3 9 43
3 10 90
3 11 12
3 12 65
3 13 78
3 14 34
3 15 50
3 16 83
3 17 40
3 18 97
3 19 15
3 20 66
4 5 78
4 6 33
4 7 89
4 8 51
4 9 22
4 10 96
4 11 47
4 12 29
4 13 68
4 14 37
4 15 92
4 16 28
4 17 81
4 18 55
4 19 38
4 20 97
5 6 49
5 7 21
5 8 75
5 9 34
5 10 80
5 11 43
5 12 58
5 13 20
5 14 89
5 15 36
5 16 74
5 17 42
5 18 91
5 19 23
5 20 61
6 7 27
6 8 65
6 9 49
6 10 34
6 11 78
6 12 23
6 13 89
6 14 15
6 15 61
6 16 48
6 17 72
6 18 26
6 19 95
6 20 53
7 8 87
7 9 42
7 10 74
7 11 59
7 12 28
7 13 68
7 14 91
7 15 34
7 16 46
7 17 69
7 18 29
7 19 81
7 20 65
8 9 33
8 10 77
8 11 50
8 12 41
8 13 66
8 14 84
8 15 28
8 16 57
8 17 39
8 18 74
8 19 26
8 20 83
9 10 46
9 11 72
9 12 53
9 13 28
9 14 64
9 15 94
9 16 35
9 17 67
9 18 50
9 19 92
9 20 78
10 11 87
10 12 56
10 13 34
10 14 90
10 15 47
10 16 65
10 17 41
10 18 76
10 19 38
10 20 94
11 12 79
11 13 23
11 14 55
11 15 61
11 16 48
11 17 83
11 18 40
11 19 71
11 20 63
12 13 28
12 14 62
12 15 94
12 16 41
12 17 85
12 18 30
12 19 78
12 20 57
13 14 40
13 15 77
13 16 29
13 17 67
13 18 41
13 19 89
13 20 54
14 15 65
14 16 92
14 17 34
14 18 72
14 19 26
14 20 81
15 16 59
15 17 43
15 18 76
15 19 31
15 20 67
16 17 40
16 18 84
16 19 28
16 20 93
17 18 57
17 19 35
17 20 82
18 19 63
18 20 74
19 20 69