1 2 34
1 3 76
1 4 45
1 5 89
1 6 56
1 7 23
1 8 67
1 9 54
1 10 38
1 11 92
1 12 47
1 13 81
1 14 39
1 15 64
2 3 87
2 4 55
2 5 78
2 6 62
2 7 49
2 8 91
2 9 73
2 10 45
2 11 60
2 12 85
2 13 32
2 14 98
2 15 67
3 4 90
3 5 34
3 6 79
3 7 41
3 8 88
3 9 52
3 10 60
3 11 66
3 12 81
3 13 37
3 14 93
3 15 54
4 5 71
4 6 48
4 7 59
4 8 84
4 9 93
4 10 29
4 11 77
4 12 62
4 13 44
4 14 81
4 15 54
5 6 85
5 7 50
5 8 39
5 9 67
5 10 91
5 11 32
5 12 76
5 13 85
5 14 47
5 15 92
6 7 56
6 8 67
6 9 45
6 10 72
6 11 91
6 12 59
6 13 33
6 14 81
6 15 40
7 8 76
7 9 64
7 10 57
7 11 48
7 12 72
7 13 83
7 14 56
7 15 34
8 9 39
8 10 85
8 11 70
8 12 66
8 13 55
8 14 61
8 15 89
9 10 52
9 11 61
9 12 78
9 13 49
9 14 73
9 15 83
10 11 88
10 12 37
10 13 61
10 14 92
10 15 54
11 12 45
11 13 82
11 14 53
11 15 90
12 13 71
12 14 67
12 15 89
13 14 48
13 15 56
14 15 63