1 2 34
1 3 78
1 4 23
1 5 65
1 6 48
1 7 92
1 8 54
1 9 37
1 10 81
1 11 43
1 12 29
1 13 59
1 14 72
1 15 88
1 16 47
1 17 53
1 18 96
1 19 68
1 20 74
2 3 55
2 4 46
2 5 77
2 6 33
2 7 84
2 8 61
2 9 92
2 10 39
2 11 50
2 12 71
2 13 66
2 14 90
2 15 54
2 16 82
2 17 41
2 18 72
2 19 85
2 20 47
3 4 64
3 5 29
3 6 81
3 7 53
3 8 72
3 9 47
3 10 64
3 11 38
3 12 54
3 13 90
3 14 48
3 15 76
3 16 59
3 17 87
3 18 66
3 19 42
3 20 53
4 5 93
4 6 37
4 7 78
4 8 64
4 9 55
4 10 79
4 11 32
4 12 89
4 13 61
4 14 46
4 15 71
4 16 94
4 17 68
4 18 56
4 19 83
4 20 70
5 6 45
5 7 88
5 8 39
5 9 82
5 10 66
5 11 93
5 12 42
5 13 79
5 14 54
5 15 91
5 16 87
5 17 35
5 18 76
5 19 62
5 20 49
6 7 74
6 8 85
6 9 37
6 10 58
6 11 46
6 12 67
6 13 90
6 14 52
6 15 79
6 16 39
6 17 66
6 18 71
6 19 53
6 20 84
7 8 94
7 9 50
7 10 36
7 11 80
7 12 63
7 13 72
7 14 47
7 15 69
7 16 88
7 17 58
7 18 33
7 19 82
7 20 61
8 9 68
8 10 91
8 11 55
8 12 74
8 13 87
8 14 63
8 15 47
8 16 82
8 17 44
8 18 39
8 19 56
8 20 77
9 10 29
9 11 64
9 12 85
9 13 48
9 14 91
9 15 77
9 16 52
9 17 66
9 18 82
9 19 34
9 20 70
10 11 37
10 12 74
10 13 85
10 14 52
10 15 66
10 16 39
10 17 93
10 18 46
10 19 88
10 20 59
11 12 68
11 13 77
11 14 43
11 15 72
11 16 50
11 17 63
11 18 84
11 19 93
11 20 78
12 13 92
12 14 64
12 15 48
12 16 81
12 17 55
12 18 73
12 19 84
12 20 60
13 14 87
13 15 39
13 16 92
13 17 78
13 18 61
13 19 45
13 20 82
14 15 65
14 16 33
14 17 76
14 18 53
14 19 94
14 20 48
15 16 91
15 17 62
15 18 74
15 19 47
15 20 85
16 17 84
16 18 50
16 19 67
16 20 39
17 18 94
17 19 70
17 20 66
18 19 85
18 20 47
19 20 74