1 2 72
1 3 45
1 4 91
1 5 33
1 6 67
1 7 82
1 8 53
1 9 89
1 10 44
1 11 76
1 12 59
1 13 85
1 14 28
1 15 97
2 3 64
2 4 78
2 5 46
2 6 53
2 7 29
2 8 92
2 9 81
2 10 57
2 11 63
2 12 38
2 13 45
2 14 89
2 15 74
3 4 54
3 5 87
3 6 32
3 7 90
3 8 71
3 9 66
3 10 53
3 11 92
3 12 49
3 13 75
3 14 84
3 15 46
4 5 88
4 6 67
4 7 33
4 8 95
4 9 58
4 10 71
4 11 39
4 12 83
4 13 77
4 14 56
4 15 85
5 6 41
5 7 82
5 8 57
5 9 74
5 10 32
5 11 96
5 12 48
5 13 64
5 14 59
5 15 85
6 7 89
6 8 71
6 9 65
6 10 42
6 11 84
6 12 33
6 13 78
6 14 92
6 15 56
7 8 37
7 9 79
7 10 61
7 11 93
7 12 50
7 13 87
7 14 72
7 15 48
8 9 55
8 10 90
8 11 68
8 12 83
8 13 77
8 14 94
8 15 62
9 10 46
9 11 88
9 12 71
9 13 39
9 14 85
9 15 77
10 11 34
10 12 76
10 13 55
10 14 62
10 15 71
11 12 43
11 13 64
11 14 56
11 15 92
12 13 70
12 14 89
12 15 67
13 14 81
13 15 54
14 15 69