1 2 42
1 3 37
1 4 85
1 5 64
1 6 58
1 7 93
1 8 47
1 9 69
1 10 52
1 11 81
1 12 59
1 13 76
1 14 33
1 15 74
1 16 49
1 17 86
1 18 91
1 19 62
1 20 88
2 3 77
2 4 48
2 5 34
2 6 79
2 7 61
2 8 53
2 9 88
2 10 35
2 11 72
2 12 69
2 13 57
2 14 89
2 15 41
2 16 65
2 17 78
2 18 46
2 19 92
2 20 37
3 4 60
3 5 29
3 6 91
3 7 75
3 8 64
3 9 42
3 10 82
3 11 33
3 12 50
3 13 85
3 14 76
3 15 45
3 16 68
3 17 58
3 18 35
3 19 49
3 20 94
4 5 73
4 6 56
4 7 82
4 8 61
4 9 48
4 10 79
4 11 52
4 12 71
4 13 86
4 14 35
4 15 93
4 16 67
4 17 50
4 18 33
4 19 76
4 20 88
5 6 94
5 7 44
5 8 87
5 9 66
5 10 32
5 11 53
5 12 68
5 13 90
5 14 41
5 15 65
5 16 88
5 17 29
5 18 75
5 19 82
5 20 47
6 7 63
6 8 41
6 9 79
6 10 55
6 11 69
6 12 82
6 13 34
6 14 46
6 15 90
6 16 59
6 17 74
6 18 49
6 19 86
6 20 93
7 8 58
7 9 81
7 10 47
7 11 75
7 12 61
7 13 33
7 14 91
7 15 52
7 16 68
7 17 76
7 18 44
7 19 88
7 20 39
8 9 64
8 10 33
8 11 59
8 12 91
8 13 77
8 14 41
8 15 72
8 16 35
8 17 93
8 18 68
8 19 56
8 20 44
9 10 69
9 11 48
9 12 84
9 13 56
9 14 77
9 15 33
9 16 50
9 17 65
9 18 88
9 19 35
9 20 86
10 11 42
10 12 88
10 13 49
10 14 93
10 15 75
10 16 34
10 17 86
10 18 52
10 19 44
10 20 71
11 12 79
11 13 64
11 14 46
11 15 88
11 16 53
11 17 39
11 18 74
11 19 33
11 20 82
12 13 92
12 14 65
12 15 78
12 16 56
12 17 47
12 18 90
12 19 34
12 20 59
13 14 35
13 15 86
13 16 72
13 17 44
13 18 67
13 19 93
13 20 49
14 15 64
14 16 89
14 17 56
14 18 74
14 19 39
14 20 65
15 16 84
15 17 47
15 18 90
15 19 77
15 20 50
16 17 63
16 18 86
16 19 49
16 20 77
17 18 75
17 19 34
17 20 92
18 19 43
18 20 78
19 20 65