1 2 45
1 3 78
1 4 23
1 5 67
1 6 89
1 7 54
1 8 92
1 9 31
1 10 76
1 11 43
1 12 84
1 13 56
1 14 72
1 15 91
2 3 34
2 4 67
2 5 82
2 6 50
2 7 95
2 8 41
2 9 77
2 10 88
2 11 29
2 12 62
2 13 73
2 14 57
2 15 64
3 4 85
3 5 49
3 6 77
3 7 68
3 8 36
3 9 92
3 10 54
3 11 65
3 12 71
3 13 48
3 14 83
3 15 96
4 5 42
4 6 88
4 7 70
4 8 56
4 9 93
4 10 64
4 11 32
4 12 74
4 13 61
4 14 47
4 15 53
5 6 59
5 7 81
5 8 27
5 9 85
5 10 77
5 11 94
5 12 49
5 13 68
5 14 55
5 15 90
6 7 38
6 8 69
6 9 52
6 10 83
6 11 44
6 12 95
6 13 67
6 14 82
6 15 61
7 8 74
7 9 41
7 10 87
7 11 29
7 12 60
7 13 54
7 14 78
7 15 85
8 9 92
8 10 73
8 11 62
8 12 48
8 13 57
8 14 91
8 15 36
9 10 64
9 11 88
9 12 53
9 13 70
9 14 43
9 15 75
10 11 33
10 12 69
10 13 82
10 14 54
10 15 90
11 12 41
11 13 67
11 14 83
11 15 56
12 13 94
12 14 31
12 15 78
13 14 59
13 15 82
14 15 45