1 2 57
1 3 32
1 4 49
1 5 88
1 6 71
1 7 46
1 8 93
1 9 65
1 10 54
1 11 37
1 12 83
1 13 29
1 14 78
1 15 61
1 16 90
1 17 51
1 18 42
1 19 74
1 20 67
2 3 62
2 4 45
2 5 84
2 6 53
2 7 95
2 8 71
2 9 39
2 10 48
2 11 79
2 12 33
2 13 89
2 14 57
2 15 41
2 16 86
2 17 60
2 18 75
2 19 92
2 20 52
3 4 68
3 5 56
3 6 81
3 7 94
3 8 45
3 9 78
3 10 63
3 11 32
3 12 87
3 13 91
3 14 48
3 15 54
3 16 77
3 17 46
3 18 59
3 19 88
3 20 65
4 5 72
4 6 33
4 7 50
4 8 90
4 9 67
4 10 82
4 11 29
4 12 73
4 13 88
4 14 61
4 15 48
4 16 85
4 17 54
4 18 78
4 19 92
4 20 41
5 6 66
5 7 94
5 8 36
5 9 72
5 10 55
5 11 87
5 12 49
5 13 64
5 14 38
5 15 90
5 16 71
5 17 52
5 18 82
5 19 60
5 20 45
6 7 80
6 8 54
6 9 93
6 10 42
6 11 64
6 12 88
6 13 39
6 14 77
6 15 53
6 16 85
6 17 91
6 18 67
6 19 48
6 20 72
7 8 44
7 9 84
7 10 51
7 11 89
7 12 66
7 13 73
7 14 58
7 15 76
7 16 62
7 17 97
7 18 31
7 19 45
7 20 77
8 9 95
8 10 34
8 11 82
8 12 57
8 13 60
8 14 74
8 15 46
8 16 81
8 17 53
8 18 67
8 19 91
8 20 39
9 10 61
9 11 72
9 12 88
9 13 49
9 14 85
9 15 54
9 16 93
9 17 44
9 18 60
9 19 77
9 20 83
10 11 29
10 12 84
10 13 68
10 14 57
10 15 76
10 16 72
10 17 90
10 18 39
10 19 52
10 20 85
11 12 66
11 13 53
11 14 71
11 15 45
11 16 82
11 17 60
11 18 94
11 19 29
11 20 73
12 13 39
12 14 64
12 15 54
12 16 91
12 17 73
12 18 82
12 19 66
12 20 59
13 14 88
13 15 40
13 16 65
13 17 72
13 18 51
13 19 87
13 20 49
14 15 92
14 16 47
14 17 84
14 18 63
14 19 56
14 20 78
15 16 62
15 17 37
15 18 79
15 19 68
15 20 90
16 17 95
16 18 59
16 19 84
16 20 41
17 18 73
17 19 63
17 20 78
18 19 89
18 20 47
19 20 68