1 2 67
1 3 42
1 4 53
1 5 79
1 6 34
1 7 85
1 8 61
1 9 77
1 10 49
1 11 88
1 12 56
1 13 72
1 14 63
1 15 90
2 3 45
2 4 68
2 5 77
2 6 39
2 7 91
2 8 54
2 9 62
2 10 83
2 11 36
2 12 74
2 13 55
2 14 89
2 15 47
3 4 81
3 5 62
3 6 50
3 7 78
3 8 93
3 9 46
3 10 72
3 11 53
3 12 85
3 13 64
3 14 71
3 15 39
4 5 77
4 6 59
4 7 87
4 8 68
4 9 54
4 10 62
4 11 83
4 12 45
4 13 91
4 14 55
4 15 78
5 6 90
5 7 43
5 8 67
5 9 72
5 10 85
5 11 57
5 12 46
5 13 62
5 14 71
5 15 49
6 7 66
6 8 93
6 9 44
6 10 58
6 11 80
6 12 65
6 13 87
6 14 53
6 15 94
7 8 74
7 9 88
7 10 51
7 11 68
7 12 82
7 13 77
7 14 66
7 15 59
8 9 55
8 10 72
8 11 89
8 12 39
8 13 65
8 14 84
8 15 43
9 10 48
9 11 62
9 12 76
9 13 90
9 14 55
9 15 84
10 11 71
10 12 88
10 13 47
10 14 69
10 15 53
11 12 49
11 13 81
11 14 72
11 15 60
12 13 58
12 14 94
12 15 77
13 14 87
13 15 66
14 15 54