1 2 67
1 3 45
1 4 82
1 5 39
1 6 91
1 7 76
1 8 53
1 9 64
1 10 22
1 11 87
1 12 55
1 13 72
1 14 44
1 15 68
1 16 90
1 17 39
1 18 83
1 19 27
1 20 71
2 3 79
2 4 56
2 5 83
2 6 41
2 7 68
2 8 95
2 9 72
2 10 88
2 11 49
2 12 38
2 13 67
2 14 84
2 15 77
2 16 50
2 17 29
2 18 92
2 19 64
2 20 31
3 4 51
3 5 67
3 6 84
3 7 72
3 8 45
3 9 99
3 10 35
3 11 63
3 12 28
3 13 91
3 14 74
3 15 58
3 16 82
3 17 40
3 18 66
3 19 97
3 20 52
4 5 78
4 6 33
4 7 87
4 8 91
4 9 46
4 10 59
4 11 72
4 12 84
4 13 63
4 14 49
4 15 88
4 16 77
4 17 54
4 18 92
4 19 39
4 20 66
5 6 91
5 7 43
5 8 76
5 9 55
5 10 83
5 11 67
5 12 94
5 13 48
5 14 52
5 15 90
5 16 60
5 17 75
5 18 31
5 19 86
5 20 53
6 7 69
6 8 56
6 9 83
6 10 92
6 11 38
6 12 77
6 13 99
6 14 68
6 15 54
6 16 27
6 17 81
6 18 62
6 19 47
6 20 88
7 8 82
7 9 44
7 10 93
7 11 77
7 12 66
7 13 31
7 14 56
7 15 68
7 16 49
7 17 99
7 18 53
7 19 72
7 20 90
8 9 77
8 10 62
8 11 53
8 12 89
8 13 41
8 14 79
8 15 57
8 16 71
8 17 34
8 18 85
8 19 66
8 20 58
9 10 36
9 11 74
9 12 67
9 13 56
9 14 84
9 15 79
9 16 32
9 17 71
9 18 48
9 19 95
9 20 77
10 11 88
10 12 53
10 13 62
10 14 94
10 15 39
10 16 81
10 17 47
10 18 58
10 19 88
10 20 31
11 12 45
11 13 87
11 14 32
11 15 73
11 16 50
11 17 88
11 18 67
11 19 52
11 20 96
12 13 69
12 14 53
12 15 40
12 16 90
12 17 61
12 18 29
12 19 75
12 20 84
13 14 71
13 15 58
13 16 92
13 17 37
13 18 64
13 19 45
13 20 99
14 15 53
14 16 79
14 17 88
14 18 60
14 19 64
14 20 32
15 16 55
15 17 91
15 18 73
15 19 41
15 20 69
16 17 82
16 18 30
16 19 47
16 20 67
17 18 56
17 19 88
17 20 51
18 19 73
18 20 43
19 20 87