1 2 7
1 3 12
1 4 19
1 5 4
1 6 21
1 7 5
1 8 14
1 9 9
1 10 2
1 11 25
1 12 11
1 13 18
1 14 13
1 15 6
2 3 8
2 4 22
2 5 15
2 6 3
2 7 26
2 8 10
2 9 24
2 10 7
2 11 16
2 12 5
2 13 29
2 14 20
2 15 17
3 4 9
3 5 13
3 6 22
3 7 8
3 8 19
3 9 10
3 10 5
3 11 17
3 12 6
3 13 24
3 14 14
3 15 4
4 5 21
4 6 3
4 7 20
4 8 25
4 9 18
4 10 11
4 11 7
4 12 13
4 13 8
4 14 26
4 15 12
5 6 16
5 7 9
5 8 17
5 9 14
5 10 10
5 11 19
5 12 6
5 13 11
5 14 22
5 15 7
6 7 12
6 8 5
6 9 24
6 10 4
6 11 18
6 12 13
6 13 20
6 14 3
6 15 19
7 8 14
7 9 2
7 10 17
7 11 15
7 12 6
7 13 22
7 14 9
7 15 13
8 9 7
8 10 12
8 11 4
8 12 19
8 13 11
8 14 16
8 15 21
9 10 8
9 11 10
9 12 5
9 13 26
9 14 15
9 15 12
10 11 3
10 12 8
10 13 7
10 14 9
10 15 13
11 12 5
11 13 14
11 14 18
11 15 11
12 13 4
12 14 16
12 15 20
13 14 8
13 15 2
14 15 19