1 2 17
1 3 23
1 4 8
1 5 32
1 6 14
1 7 25
1 8 19
1 9 30
1 10 11
1 11 22
1 12 27
1 13 15
1 14 35
1 15 29
1 16 24
1 17 18
1 18 9
1 19 21
1 20 26
2 3 20
2 4 13
2 5 28
2 6 7
2 7 33
2 8 12
2 9 25
2 10 19
2 11 14
2 12 29
2 13 31
2 14 17
2 15 22
2 16 24
2 17 20
2 18 26
2 19 32
2 20 15
3 4 11
3 5 34
3 6 18
3 7 24
3 8 29
3 9 22
3 10 20
3 11 17
3 12 28
3 13 30
3 14 16
3 15 21
3 16 27
3 17 33
3 18 19
3 19 12
3 20 35
4 5 26
4 6 31
4 7 15
4 8 22
4 9 28
4 10 19
4 11 34
4 12 13
4 13 25
4 14 17
4 15 21
4 16 29
4 17 30
4 18 16
4 19 12
4 20 35
5 6 12
5 7 30
5 8 18
5 9 22
5 10 27
5 11 25
5 12 35
5 13 14
5 14 19
5 15 32
5 16 23
5 17 28
5 18 24
5 19 16
5 20 30
6 7 22
6 8 19
6 9 14
6 10 30
6 11 35
6 12 20
6 13 24
6 14 31
6 15 27
6 16 16
6 17 23
6 18 25
6 19 22
6 20 29
7 8 17
7 9 25
7 10 14
7 11 30
7 12 27
7 13 22
7 14 18
7 15 26
7 16 35
7 17 19
7 18 32
7 19 11
7 20 21
8 9 24
8 10 17
8 11 22
8 12 30
8 13 25
8 14 29
8 15 18
8 16 12
8 17 32
8 18 20
8 19 14
8 20 28
9 10 22
9 11 18
9 12 25
9 13 31
9 14 16
9 15 20
9 16 29
9 17 26
9 18 13
9 19 35
9 20 23
10 11 12
10 12 27
10 13 35
10 14 19
10 15 21
10 16 26
10 17 20
10 18 28
10 19 17
10 20 31
11 12 16
11 13 24
11 14 30
11 15 23
11 16 21
11 17 19
11 18 35
11 19 32
11 20 14
12 13 25
12 14 21
12 15 30
12 16 17
12 17 32
12 18 20
12 19 14
12 20 26
13 14 23
13 15 29
13 16 18
13 17 11
13 18 26
13 19 27
13 20 21
14 15 24
14 16 35
14 17 30
14 18 22
14 19 16
14 20 28
15 16 12
15 17 31
15 18 20
15 19 29
15 20 25
16 17 27
16 18 13
16 19 19
16 20 24
17 18 22
17 19 28
17 20 31
18 19 16
18 20 23
19 20 30