1 2 14
1 3 22
1 4 9
1 5 30
1 6 16
1 7 11
1 8 23
1 9 17
1 10 8
1 11 27
1 12 21
1 13 19
1 14 12
1 15 25
2 3 18
2 4 13
2 5 7
2 6 24
2 7 15
2 8 29
2 9 22
2 10 10
2 11 26
2 12 5
2 13 31
2 14 20
2 15 12
3 4 17
3 5 23
3 6 8
3 7 19
3 8 25
3 9 13
3 10 9
3 11 20
3 12 28
3 13 14
3 14 6
3 15 24
4 5 21
4 6 19
4 7 10
4 8 12
4 9 30
4 10 16
4 11 7
4 12 26
4 13 29
4 14 22
4 15 15
5 6 9
5 7 27
5 8 20
5 9 11
5 10 13
5 11 28
5 12 24
5 13 8
5 14 18
5 15 7
6 7 12
6 8 21
6 9 15
6 10 10
6 11 22
6 12 17
6 13 30
6 14 29
6 15 14
7 8 25
7 9 18
7 10 21
7 11 19
7 12 11
7 13 12
7 14 8
7 15 23
8 9 14
8 10 29
8 11 27
8 12 6
8 13 22
8 14 16
8 15 20
9 10 16
9 11 25
9 12 13
9 13 19
9 14 27
9 15 22
10 11 8
10 12 24
10 13 30
10 14 12
10 15 11
11 12 22
11 13 15
11 14 6
11 15 29
12 13 17
12 14 9
12 15 20
13 14 23
13 15 14
14 15 26