1 2 23
1 3 45
1 4 12
1 5 67
1 6 34
1 7 78
1 8 22
1 9 56
1 10 89
1 11 41
1 12 14
1 13 33
1 14 64
1 15 27
1 16 51
1 17 30
1 18 76
1 19 19
1 20 83
2 3 14
2 4 38
2 5 55
2 6 17
2 7 63
2 8 44
2 9 29
2 10 72
2 11 90
2 12 21
2 13 60
2 14 31
2 15 47
2 16 88
2 17 26
2 18 35
2 19 50
2 20 13
3 4 67
3 5 23
3 6 85
3 7 11
3 8 54
3 9 92
3 10 46
3 11 78
3 12 32
3 13 40
3 14 93
3 15 22
3 16 58
3 17 18
3 18 27
3 19 77
3 20 69
4 5 84
4 6 15
4 7 49
4 8 68
4 9 37
4 10 96
4 11 25
4 12 56
4 13 43
4 14 71
4 15 61
4 16 81
4 17 29
4 18 50
4 19 84
4 20 64
5 6 23
5 7 73
5 8 41
5 9 92
5 10 12
5 11 55
5 12 67
5 13 20
5 14 35
5 15 48
5 16 79
5 17 21
5 18 66
5 19 28
5 20 39
6 7 11
6 8 63
6 9 47
6 10 88
6 11 30
6 12 51
6 13 22
6 14 72
6 15 14
6 16 33
6 17 90
6 18 46
6 19 23
6 20 77
7 8 52
7 9 35
7 10 29
7 11 41
7 12 18
7 13 82
7 14 67
7 15 55
7 16 20
7 17 78
7 18 61
7 19 34
7 20 84
8 9 49
8 10 66
8 11 91
8 12 40
8 13 29
8 14 73
8 15 54
8 16 85
8 17 11
8 18 38
8 19 25
8 20 77
9 10 42
9 11 34
9 12 89
9 13 20
9 14 77
9 15 56
9 16 81
9 17 66
9 18 24
9 19 47
9 20 91
10 11 52
10 12 28
10 13 64
10 14 39
10 15 50
10 16 72
10 17 81
10 18 33
10 19 66
10 20 47
11 12 30
11 13 53
11 14 84
11 15 22
11 16 44
11 17 78
11 18 16
11 19 31
11 20 60
12 13 24
12 14 59
12 15 68
12 16 35
12 17 40
12 18 54
12 19 71
12 20 22
13 14 67
13 15 85
13 16 48
13 17 32
13 18 71
13 19 20
13 20 54
14 15 28
14 16 82
14 17 50
14 18 63
14 19 41
14 20 29
15 16 74
15 17 19
15 18 34
15 19 48
15 20 76
16 17 61
16 18 54
16 19 39
16 20 21
17 18 45
17 19 52
17 20 67
18 19 28
18 20 43
19 20 57