1 2 17
1 3 34
1 4 23
1 5 12
1 6 45
1 7 21
1 8 38
1 9 27
1 10 19
1 11 33
1 12 14
1 13 29
1 14 11
1 15 26
2 3 28
2 4 19
2 5 31
2 6 24
2 7 12
2 8 36
2 9 15
2 10 30
2 11 22
2 12 41
2 13 13
2 14 25
2 15 37
3 4 16
3 5 40
3 6 18
3 7 29
3 8 32
3 9 26
3 10 35
3 11 23
3 12 12
3 13 34
3 14 27
3 15 22
4 5 33
4 6 21
4 7 14
4 8 40
4 9 19
4 10 31
4 11 12
4 12 25
4 13 28
4 14 35
4 15 24
5 6 26
5 7 17
5 8 22
5 9 31
5 10 19
5 11 14
5 12 40
5 13 33
5 14 27
5 15 18
6 7 39
6 8 20
6 9 24
6 10 32
6 11 14
6 12 17
6 13 22
6 14 30
6 15 13
7 8 23
7 9 26
7 10 20
7 11 32
7 12 29
7 13 16
7 14 21
7 15 35
8 9 18
8 10 27
8 11 34
8 12 14
8 13 39
8 14 22
8 15 31
9 10 15
9 11 26
9 12 22
9 13 30
9 14 27
9 15 13
10 11 37
10 12 18
10 13 29
10 14 21
10 15 24
11 12 25
11 13 22
11 14 14
11 15 38
12 13 19
12 14 32
12 15 26
13 14 20
13 15 33
14 15 28