1 2 11
1 3 23
1 4 7
1 5 19
1 6 31
1 7 15
1 8 22
1 9 29
1 10 8
1 11 27
1 12 36
1 13 18
1 14 25
1 15 14
1 16 33
1 17 21
1 18 40
1 19 13
1 20 26
2 3 24
2 4 16
2 5 20
2 6 28
2 7 9
2 8 32
2 9 17
2 10 30
2 11 23
2 12 11
2 13 34
2 14 19
2 15 12
2 16 27
2 17 25
2 18 39
2 19 14
2 20 22
3 4 18
3 5 27
3 6 33
3 7 11
3 8 26
3 9 20
3 10 15
3 11 37
3 12 22
3 13 30
3 14 19
3 15 28
3 16 24
3 17 32
3 18 38
3 19 21
3 20 12
4 5 14
4 6 29
4 7 20
4 8 35
4 9 12
4 10 17
4 11 25
4 12 31
4 13 22
4 14 24
4 15 18
4 16 39
4 17 26
4 18 32
4 19 20
4 20 28
5 6 23
5 7 18
5 8 30
5 9 12
5 10 29
5 11 26
5 12 15
5 13 34
5 14 21
5 15 20
5 16 37
5 17 24
5 18 22
5 19 28
5 20 31
6 7 19
6 8 27
6 9 13
6 10 35
6 11 22
6 12 18
6 13 31
6 14 24
6 15 20
6 16 32
6 17 29
6 18 25
6 19 14
6 20 22
7 8 14
7 9 21
7 10 26
7 11 37
7 12 23
7 13 19
7 14 28
7 15 11
7 16 32
7 17 27
7 18 34
7 19 29
7 20 20
8 9 18
8 10 21
8 11 16
8 12 30
8 13 24
8 14 25
8 15 27
8 16 19
8 17 22
8 18 28
8 19 31
8 20 20
9 10 15
9 11 28
9 12 21
9 13 17
9 14 29
9 15 24
9 16 18
9 17 23
9 18 32
9 19 22
9 20 27
10 11 30
10 12 22
10 13 19
10 14 35
10 15 26
10 16 24
10 17 27
10 18 32
10 19 16
10 20 25
11 12 19
11 13 22
11 14 30
11 15 21
11 16 28
11 17 24
11 18 29
11 19 18
11 20 27
12 13 20
12 14 25
12 15 32
12 16 23
12 17 26
12 18 18
12 19 21
12 20 29
13 14 27
13 15 20
13 16 32
13 17 28
13 18 26
13 19 18
13 20 31
14 15 16
14 16 27
14 17 24
14 18 28
14 19 21
14 20 35
15 16 30
15 17 22
15 18 29
15 19 25
15 20 18
16 17 21
16 18 32
16 19 28
16 20 24
17 18 25
17 19 30
17 20 20
18 19 19
18 20 21
19 20 29