1 2 37
1 3 45
1 4 23
1 5 56
1 6 19
1 7 33
1 8 42
1 9 28
1 10 51
1 11 14
1 12 63
1 13 29
1 14 70
1 15 17
2 3 21
2 4 53
2 5 31
2 6 62
2 7 44
2 8 35
2 9 47
2 10 18
2 11 26
2 12 50
2 13 61
2 14 20
2 15 59
3 4 24
3 5 48
3 6 30
3 7 57
3 8 43
3 9 66
3 10 12
3 11 39
3 12 52
3 13 28
3 14 40
3 15 49
4 5 20
4 6 38
4 7 27
4 8 64
4 9 16
4 10 46
4 11 55
4 12 69
4 13 32
4 14 61
4 15 41
5 6 42
5 7 37
5 8 20
5 9 33
5 10 60
5 11 45
5 12 28
5 13 67
5 14 24
5 15 59
6 7 52
6 8 18
6 9 61
6 10 25
6 11 31
6 12 49
6 13 58
6 14 36
6 15 44
7 8 33
7 9 50
7 10 21
7 11 26
7 12 67
7 13 39
7 14 32
7 15 48
8 9 47
8 10 54
8 11 15
8 12 35
8 13 60
8 14 27
8 15 42
9 10 29
9 11 18
9 12 47
9 13 64
9 14 56
9 15 38
10 11 63
10 12 26
10 13 55
10 14 40
10 15 51
11 12 28
11 13 37
11 14 62
11 15 29
12 13 43
12 14 30
12 15 54
13 14 41
13 15 45
14 15 56