1 2 5
1 3 8
1 4 3
1 5 7
1 6 4
1 7 2
1 8 9
1 9 6
1 10 1
1 11 10
1 12 2
1 13 4
1 14 5
1 15 3
1 16 6
1 17 7
1 18 9
1 19 8
1 20 10
2 3 4
2 4 7
2 5 6
2 6 2
2 7 9
2 8 3
2 9 8
2 10 5
2 11 1
2 12 7
2 13 6
2 14 8
2 15 10
2 16 9
2 17 3
2 18 1
2 19 5
2 20 4
3 4 2
3 5 5
3 6 9
3 7 4
3 8 1
3 9 7
3 10 3
3 11 8
3 12 6
3 13 10
3 14 9
3 15 2
3 16 5
3 17 7
3 18 4
3 19 6
3 20 8
4 5 6
4 6 1
4 7 8
4 8 2
4 9 3
4 10 7
4 11 4
4 12 9
4 13 5
4 14 6
4 15 10
4 16 3
4 17 8
4 18 5
4 19 7
4 20 9
5 6 2
5 7 4
5 8 6
5 9 5
5 10 9
5 11 3
5 12 1
5 13 7
5 14 4
5 15 8
5 16 6
5 17 10
5 18 2
5 19 9
5 20 3
6 7 3
6 8 7
6 9 2
6 10 4
6 11 5
6 12 9
6 13 8
6 14 1
6 15 6
6 16 3
6 17 9
6 18 7
6 19 5
6 20 10
7 8 1
7 9 4
7 10 6
7 11 2
7 12 5
7 13 9
7 14 7
7 15 3
7 16 8
7 17 6
7 18 10
7 19 4
7 20 2
8 9 7
8 10 2
8 11 4
8 12 1
8 13 6
8 14 5
8 15 9
8 16 3
8 17 10
8 18 2
8 19 8
8 20 7
9 10 8
9 11 6
9 12 2
9 13 1
9 14 9
9 15 4
9 16 5
9 17 7
9 18 10
9 19 3
9 20 6
10 11 3
10 12 8
10 13 2
10 14 7
10 15 9
10 16 6
10 17 1
10 18 4
10 19 8
10 20 5
11 12 9
11 13 3
11 14 2
11 15 7
11 16 10
11 17 6
11 18 8
11 19 4
11 20 1
12 13 5
12 14 3
12 15 6
12 16 7
12 17 2
12 18 9
12 19 8
12 20 4
13 14 1
13 15 4
13 16 2
13 17 5
13 18 7
13 19 6
13 20 9
14 15 8
14 16 3
14 17 6
14 18 4
14 19 5
14 20 7
15 16 2
15 17 9
15 18 8
15 19 3
15 20 1
16 17 4
16 18 5
16 19 6
16 20 3
17 18 1
17 19 9
17 20 2
18 19 7
18 20 5
19 20 6